Ldata:=[[*[0,2,2,2,2,2,2], [ 2,1 ] *],
[*[0,3,3,3,3], [ 3,1 ] *],
[*[0,2,2,4,4], [ 4,1 ] *],
[*[0,2,2,2,2,2], [ 4,2 ] *],
[*[0,5,5,5], [ 5,1 ] *],
[*[0,3,6,6], [ 6,2 ] *],
[*[0,2,2,3,3], [ 6,1 ] *],
[*[0,2,2,3,3], [ 6,2 ] *],
[*[0,4,4,4], [ 8,4 ] *],
[*[0,2,8,8], [ 8,1 ] *],
[*[0,2,2,2,4], [ 8,3 ] *],
[*[0,2,5,10], [ 10,2 ] *],
[*[0,3,4,4], [ 12,1 ] *],
[*[0,2,6,6], [ 12,5 ] *],
[*[0,2,2,2,3], [ 12,4 ] *],
[*[0,2,4,8], [ 16,8 ] *],
[*[0,3,3,4], [ 24,3 ] *],
[*[0,2,4,6], [ 24,8 ] *],
[*[0,2,3,8], [ 48,29 ] *],
[*[1,2,2], [ 2,1 ] *] ];
