Ldata:=[[*  [0,2,2,2,2,2,2,2,2], [ 2,1 ] *],
[*  [0,3,3,3,3,3], [ 3,1 ] *],
[*  [0,4,4,4,4], [ 4,1 ] *],
[*  [0,2,2,2,4,4], [ 4,1 ] *],
[*  [0,2,2,2,2,2,2], [ 4,2 ] *],
[*  [0,2,3,3,6], [ 6,2 ] *],
[*  [0,2,2,6,6], [ 6,2 ] *],
[*  [0,2,2,2,2,3], [ 6,1 ] *],
[*  [0,7,7,7], [ 7,1 ] *],
[*  [0,4,8,8], [ 8,1 ] *],
[*  [0,2,2,4,4], [ 8,2 ] *],
[*  [0,2,2,4,4], [ 8,3 ] *],
[*  [0,2,2,2,2,2], [ 8,3 ] *],
[*  [0,2,2,2,2,2], [ 8,5 ] *],
[*  [0,3,9,9], [ 9,1 ] *],
[*  [0,4,4,6], [ 12,1 ] *],
[*  [0,3,4,12], [ 12,2 ] *],
[*  [0,2,12,12], [ 12,2 ] *],
[*  [0,2,2,3,3], [ 12,3 ] *],
[*  [0,2,2,2,6], [ 12,4 ] *],
[*  [0,2,7,14], [ 14,2 ] *],
[*  [0,4,4,4], [ 16,2 ] *],
[*  [0,4,4,4], [ 16,4 ] *],
[*  [0,2,8,8], [ 16,5 ] *],
[*  [0,2,8,8], [ 16,6 ] *],
[*  [0,2,2,2,4], [ 16,11 ] *],
[*  [0,2,2,2,4], [ 16,13 ] *],
[*  [0,3,3,7], [ 21,1 ] *],
[*  [0,3,4,4], [ 24,12 ] *],
[*  [0,3,3,6], [ 24,3 ] *],
[*  [0,2,6,6], [ 24,13 ] *],
[*  [0,2,4,12], [ 24,5 ] *],
[*  [0,2,2,2,3], [ 24,12 ] *],
[*  [0,2,4,8], [ 32,9 ] *],
[*  [0,2,4,8], [ 32,11 ] *],
[*  [0,3,3,4], [ 48,3 ] *],
[*  [0,2,4,6], [ 48,48 ] *],
[*  [0,2,3,12], [ 48,33 ] *],
[*  [0,2,3,8], [ 96,64 ] *],
[*  [0,2,3,7], [ 168,42 ] *],
[*  [1,2,2,2,2], [ 2,1 ] *],
[*  [1,3,3], [ 3,1 ] *],
[*  [1,2,2], [ 4,1 ] *],
[*  [1,2,2], [ 4,2 ] *],
[*  [1,3], [ 6,1 ] *],
[*  [1,2], [ 8,3 ] *],
[*  [1,2], [ 8,4 ] *],
[*  [2], [ 2,1 ] *]];
