Ldata:=[[* [0,2,2,2,2,2,2,2,2,2,2], [ 2,1 ] *],
[* [0,3,3,3,3,3,3], [ 3,1 ] *],
[* [0,2,4,4,4,4], [ 4,1 ] *],
[* [0,2,2,2,2,4,4], [ 4,1 ] *],
[* [0,2,2,2,2,2,2,2], [ 4,2 ] *],
[* [0,5,5,5,5], [ 5,1 ] *],
[* [0,3,3,6,6], [ 6,2 ] *],
[* [0,2,6,6,6], [ 6,2 ] *],
[* [0,2,2,3,3,3], [ 6,1 ] *],
[* [0,2,2,3,3,3], [ 6,2 ] *],
[* [0,2,2,2,3,6], [ 6,2 ] *],
[* [0,2,2,2,2,2,2], [ 6,1 ] *],
[* [0,2,4,4,4], [ 8,4 ] *],
[* [0,2,2,8,8], [ 8,1 ] *],
[* [0,2,2,2,2,4], [ 8,3 ] *],
[* [0,9,9,9], [ 9,1 ] *],
[* [0,3,3,3,3], [ 9,2 ] *],
[* [0,5,10,10], [ 10,2 ] *],
[* [0,2,2,5,5], [ 10,1 ] *],
[* [0,2,2,5,5], [ 10,2 ] *],
[* [0,6,6,6], [ 12,5 ] *],
[* [0,4,6,12], [ 12,2 ] *],
[* [0,3,12,12], [ 12,2 ] *],
[* [0,2,3,3,3], [ 12,3 ] *],
[* [0,2,2,3,6], [ 12,4 ] *],
[* [0,2,2,3,6], [ 12,5 ] *],
[* [0,2,2,2,2,2], [ 12,4 ] *],
[* [0,3,5,15], [ 15,1 ] *],
[* [0,4,4,8], [ 16,9 ] *],
[* [0,2,16,16], [ 16,1 ] *],
[* [0,2,2,2,8], [ 16,7 ] *],
[* [0,3,6,6], [ 18,3 ] *],
[* [0,3,6,6], [ 18,5 ] *],
[* [0,2,9,18], [ 18,2 ] *],
[* [0,2,2,3,3], [ 18,3 ] *],
[* [0,2,2,3,3], [ 18,4 ] *],
[* [0,4,4,5], [ 20,1 ] *],
[* [0,4,4,5], [ 20,3 ] *],
[* [0,2,10,10], [ 20,5 ] *],
[* [0,2,2,2,5], [ 20,4 ] *],
[* [0,3,4,6], [ 24,3 ] *],
[* [0,2,6,12], [ 24,10 ] *],
[* [0,2,2,2,4], [ 24,12 ] *],
[* [0,2,4,16], [ 32,19 ] *],
[* [0,3,4,4], [ 36,9 ] *],
[* [0,3,3,6], [ 36,11 ] *],
[* [0,2,6,6], [ 36,10 ] *],
[* [0,2,6,6], [ 36,12 ] *],
[* [0,2,2,2,3], [ 36,10 ] *],
[* [0,2,4,10], [ 40,8 ] *],
[* [0,2,5,5], [ 60,5 ] *],
[* [0,2,4,6], [ 72,40 ] *],
[* [0,2,3,12], [ 72,42 ] *],
[* [0,2,4,5], [ 120,34 ] *],
[* [1,2,2,2,2,2,2], [ 2,1 ] *],
[* [1,3,3,3], [ 3,1 ] *],
[* [1,4,4], [ 4,1 ] *],
[* [1,2,2,2], [ 4,2 ] *],
[* [1,2,2], [ 6,1 ] *],
[* [1,2,2], [ 6,2 ] *],
[* [1,2], [ 12,3 ] *],
[* [2,2,2], [ 2,1 ] *],
[* [2], [ 3,1 ] *]];
