Ldata:=[[* [0,2,2,2,2,2,2,2,2,2,2,2,2], [ 2,1 ] *],
[* [0,3,3,3,3,3,3,3], [ 3,1 ] *],
[* [0,2,2,4,4,4,4], [ 4,1 ] *],
[* [0,2,2,2,2,2,4,4], [ 4,1 ] *],
[* [0,2,2,2,2,2,2,2,2], [ 4,2 ] *],
[* [0,6,6,6,6], [ 6,2 ] *],
[* [0,2,3,3,3,6], [ 6,2 ] *],
[* [0,2,2,3,6,6], [ 6,2 ] *],
[* [0,2,2,2,2,3,3], [ 6,1 ] *],
[* [0,2,2,2,2,3,3], [ 6,2 ] *],
[* [0,4,4,4,4], [ 8,2 ] *],
[* [0,4,4,4,4], [ 8,4 ] *],
[* [0,2,4,8,8], [ 8,1 ] *],
[* [0,2,2,2,4,4], [ 8,2 ] *],
[* [0,2,2,2,4,4], [ 8,3 ] *],
[* [0,2,2,2,2,2,2], [ 8,3 ] *],
[* [0,2,2,2,2,2,2], [ 8,5 ] *],
[* [0,2,2,10,10], [ 10,2 ] *],
[* [0,2,2,2,2,5], [ 10,1 ] *],
[* [0,11,11,11], [ 11,1 ] *],
[* [0,6,12,12], [ 12,2 ] *],
[* [0,3,3,3,3], [ 12,3 ] *],
[* [0,2,3,4,4], [ 12,1 ] *],
[* [0,2,2,6,6], [ 12,4 ] *],
[* [0,2,2,6,6], [ 12,5 ] *],
[* [0,2,2,2,2,3], [ 12,4 ] *],
[* [0,3,15,15], [ 15,1 ] *],
[* [0,4,8,8], [ 16,5 ] *],
[* [0,4,8,8], [ 16,6 ] *],
[* [0,2,2,4,4], [ 16,3 ] *],
[* [0,2,2,4,4], [ 16,8 ] *],
[* [0,2,2,4,4], [ 16,10 ] *],
[* [0,2,2,4,4], [ 16,11 ] *],
[* [0,2,2,4,4], [ 16,13 ] *],
[* [0,2,2,2,2,2], [ 16,7 ] *],
[* [0,2,2,2,2,2], [ 16,11 ] *],
[* [0,2,2,2,2,2], [ 16,14 ] *],
[* [0,4,4,10], [ 20,1 ] *],
[* [0,2,20,20], [ 20,2 ] *],
[* [0,2,2,2,10], [ 20,4 ] *],
[* [0,2,11,22], [ 22,2 ] *],
[* [0,4,4,6], [ 24,7 ] *],
[* [0,3,6,6], [ 24,13 ] *],
[* [0,2,12,12], [ 24,9 ] *],
[* [0,2,2,3,3], [ 24,12 ] *],
[* [0,2,2,3,3], [ 24,13 ] *],
[* [0,2,2,2,6], [ 24,8 ] *],
[* [0,2,2,2,6], [ 24,14 ] *],
[* [0,2,6,15], [ 30,2 ] *],
[* [0,4,4,4], [ 32,2 ] *],
[* [0,4,4,4], [ 32,6 ] *],
[* [0,2,8,8], [ 32,5 ] *],
[* [0,2,8,8], [ 32,7 ] *],
[* [0,2,2,2,4], [ 32,27 ] *],
[* [0,2,2,2,4], [ 32,28 ] *],
[* [0,2,2,2,4], [ 32,43 ] *],
[* [0,2,4,20], [ 40,5 ] *],
[* [0,3,4,4], [ 48,30 ] *],
[* [0,2,6,6], [ 48,49 ] *],
[* [0,2,4,12], [ 48,14 ] *],
[* [0,2,2,2,3], [ 48,48 ] *],
[* [0,3,3,5], [ 60,5 ] *],
[* [0,2,4,8], [ 64,8 ] *],
[* [0,2,4,8], [ 64,32 ] *],
[* [0,2,5,5], [ 80,49 ] *],
[* [0,3,3,4], [ 96,3 ] *],
[* [0,2,4,6], [ 96,195 ] *],
[* [0,2,3,10], [ 120,35 ] *],
[* [0,2,4,5], [ 160,234 ] *],
[* [0,2,3,8], [ 192,181 ] *],
[* [1,2,2,2,2,2,2,2,2], [ 2,1 ] *],
[* [1,3,3,3,3], [ 3,1 ] *],
[* [1,2,4,4], [ 4,1 ] *],
[* [1,2,2,2,2], [ 4,1 ] *],
[* [1,2,2,2,2], [ 4,2 ] *],
[* [1,5,5], [ 5,1 ] *],
[* [1,3,3], [ 6,1 ] *],
[* [1,3,3], [ 6,2 ] *],
[* [1,2,2], [ 8,1 ] *],
[* [1,2,2], [ 8,2 ] *],
[* [1,2,2], [ 8,3 ] *],
[* [1,2,2], [ 8,5 ] *],
[* [1,5], [ 10,1 ] *],
[* [1,3], [ 12,1 ] *],
[* [1,3], [ 12,4 ] *],
[* [1,2], [ 16,3 ] *],
[* [1,2], [ 16,4 ] *],
[* [1,2], [ 16,6 ] *],
[* [2,2,2,2,2], [ 2,1 ] *],
[* [2], [ 4,1 ] *],
[* [2], [ 4,2 ] *],
[* [3], [ 2,1 ] *]];
