Ldata:=[[* [0,2,2,2,2,2,2,2,2,2,2,2,2,2,2], [2,1 ] *],
[* [0,3,3,3,3,3,3,3,3], [ 3,1 ] *],
[* [0,4,4,4,4,4,4], [ 4,1 ] *],
[* [0,2,2,2,4,4,4,4], [ 4,1 ] *],
[* [0,2,2,2,2,2,2,4,4], [ 4,1 ] *],
[* [0,2,2,2,2,2,2,2,2,2], [ 4,2 ] *],
[* [0,5,5,5,5,5], [ 5,1 ] *],
[* [0,3,3,3,6,6], [ 6,2 ] *],
[* [0,2,3,6,6,6], [ 6,2 ] *],
[* [0,2,2,3,3,3,3], [ 6,1 ] *],
[* [0,2,2,3,3,3,3], [ 6,2 ] *],
[* [0,2,2,2,3,3,6], [ 6,2 ] *],
[* [0,2,2,2,2,6,6], [ 6,2 ] *],
[* [0,2,2,2,2,2,2,3], [ 6,1 ] *],
[* [0,7,7,7,7], [ 7,1 ] *],
[* [0,4,4,8,8], [ 8,1 ] *],
[* [0,2,2,4,4,4], [ 8,3 ] *],
[* [0,2,2,4,4,4], [ 8,4 ] *],
[* [0,2,2,2,8,8], [ 8,1 ] *],
[* [0,2,2,2,2,2,4], [ 8,3 ] *],
[* [0,3,3,9,9], [ 9,1 ] *],
[* [0,2,5,5,10], [ 10,2 ] *],
[* [0,2,2,2,2,2,2], [ 10,1 ] *],
[* [0,3,3,4,4], [ 12,1 ] *],
[* [0,3,3,4,4], [ 12,2 ] *],
[* [0,2,4,4,6], [ 12,1 ] *],
[* [0,2,3,6,6], [ 12,5 ] *],
[* [0,2,3,4,12], [ 12,2 ] *],
[* [0,2,2,12,12], [ 12,2 ] *],
[* [0,2,2,2,3,3], [ 12,3 ] *],
[* [0,2,2,2,3,3], [ 12,4 ] *],
[* [0,2,2,2,3,3], [ 12,5 ] *],
[* [0,2,2,2,2,6], [ 12,4 ] *],
[* [0,13,13,13], [ 13,1 ] *],
[* [0,7,14,14], [ 14,2 ] *],
[* [0,2,2,7,7], [ 14,1 ] *],
[* [0,2,2,7,7], [ 14,2 ] *],
[* [0,5,15,15], [ 15,1 ] *],
[* [0,4,16,16], [ 16,1 ] *],
[* [0,2,2,4,8], [ 16,7 ] *],
[* [0,2,2,4,8], [ 16,8 ] *],
[* [0,3,18,18], [ 18,2 ] *],
[* [0,2,2,3,9], [ 18,1 ] *],
[* [0,4,5,20], [ 20,2 ] *],
[* [0,2,2,4,4], [ 20,3 ] *],
[* [0,2,2,2,2,2], [ 20,4 ] *],
[* [0,3,7,21], [ 21,2 ] *],
[* [0,4,6,6], [ 24,3 ] *],
[* [0,4,6,6], [ 24,10 ] *],
[* [0,4,4,12], [ 24,4 ] *],
[* [0,3,8,8], [ 24,1 ] *],
[* [0,2,24,24], [ 24,2 ] *],
[* [0,2,2,3,4], [ 24,6 ] *],
[* [0,2,2,3,4], [ 24,8 ] *],
[* [0,2,2,3,4], [ 24,12 ] *],
[* [0,2,2,2,12], [ 24,6 ] *],
[* [0,5,5,5], [ 25,2 ] *],
[* [0,2,13,26], [ 26,2 ] *],
[* [0,4,4,7], [ 28,1 ] *],
[* [0,2,14,14], [ 28,4 ] *],
[* [0,2,2,2,7], [ 28,3 ] *],
[* [0,2,10,15], [ 30,1 ] *],
[* [0,2,9,9], [ 36,3 ] *],
[* [0,3,3,13], [ 39,1 ] *],
[* [0,2,6,8], [ 48,15 ] *],
[* [0,2,6,8], [ 48,29 ] *],
[* [0,2,4,24], [ 48,6 ] *],
[* [0,2,5,10], [ 50,3 ] *],
[* [0,2,4,14], [ 56,7 ] *],
[* [0,2,2,2,3], [ 60,5 ] *],
[* [0,2,4,9], [ 72,15 ] *],
[* [0,3,3,5], [ 75,2 ] *],
[* [0,2,4,6], [ 120,34 ] *],
[* [0,2,3,10], [ 150,5 ] *],
[* [1,2,2,2,2,2,2,2,2,2,2], [ 2,1 ] *],
[* [1,3,3,3,3,3], [ 3,1 ] *],
[* [1,2,2,4,4], [ 4,1 ] *],
[* [1,2,2,2,2,2], [ 4,2 ] *],
[* [1,6,6], [ 6,2 ] *],
[* [1,2,2,3], [ 6,1 ] *],
[* [1,2,2], [ 10,1 ] *],
[* [1,2,2], [ 10,2 ] *],
[* [2,2,2,2,2,2,2], [ 2,1 ] *],
[* [2,3,3], [ 3,1 ] *],
[* [2], [ 5,1 ] *],
[* [3,2,2], [ 2,1 ] *]];
