Ldata:=[[* [0,2,2,2,2,2,2,2,2,2,2,2,2,2,2,2,2], [ 2,1 ] *],
[* [0,3,3,3,3,3,3,3,3,3], [ 3,1 ] *],
[* [0,2,4,4,4,4,4,4], [ 4,1 ] *],
[* [0,2,2,2,2,4,4,4,4], [ 4,1 ] *],
[* [0,2,2,2,2,2,2,2,4,4], [ 4,1 ] *],
[* [0,2,2,2,2,2,2,2,2,2,2], [ 4,2 ] *],
[* [0,3,6,6,6,6], [ 6,2 ] *],
[* [0,2,3,3,3,3,6], [ 6,2 ] *],
[* [0,2,2,3,3,6,6], [ 6,2 ] *],
[* [0,2,2,2,6,6,6], [ 6,2 ] *],
[* [0,2,2,2,2,3,3,3], [ 6,1 ] *],
[* [0,2,2,2,2,3,3,3], [ 6,2 ] *],
[* [0,2,2,2,2,2,3,6], [ 6,2 ] *],
[* [0,2,2,2,2,2,2,2,2], [ 6,1 ] *],
[* [0,8,8,8,8], [ 8,1 ] *],
[* [0,2,4,4,4,4], [ 8,2 ] *],
[* [0,2,4,4,4,4], [ 8,4 ] *],
[* [0,2,2,4,8,8], [ 8,1 ] *],
[* [0,2,2,2,2,4,4], [ 8,2 ] *],
[* [0,2,2,2,2,4,4], [ 8,3 ] *],
[* [0,2,2,2,2,2,2,2], [ 8,3 ] *],
[* [0,2,2,2,2,2,2,2], [ 8,5 ] *],
[* [0,3,9,9,9], [ 9,1 ] *],
[* [0,3,3,3,3,3], [ 9,2 ] *],
[* [0,2,10,10,10], [ 10,2 ] *],
[* [0,2,2,2,5,10], [ 10,2 ] *],
[* [0,4,4,4,4], [ 12,1 ] *],
[* [0,3,4,4,6], [ 12,1 ] *],
[* [0,3,4,4,6], [ 12,2 ] *],
[* [0,3,3,4,12], [ 12,2 ] *],
[* [0,2,6,6,6], [ 12,5 ] *],
[* [0,2,4,6,12], [ 12,2 ] *],
[* [0,2,3,12,12], [ 12,2 ] *],
[* [0,2,2,3,3,3], [ 12,3 ] *],
[* [0,2,2,2,3,6], [ 12,4 ] *],
[* [0,2,2,2,3,6], [ 12,5 ] *],
[* [0,2,2,2,2,2,2], [ 12,4 ] *],
[* [0,2,2,14,14], [ 14,2 ] *],
[* [0,2,2,2,2,7], [ 14,1 ] *],
[* [0,15,15,15], [ 15,1 ] *],
[* [0,8,16,16], [ 16,1 ] *],
[* [0,2,4,4,4], [ 16,2 ] *],
[* [0,2,4,4,4], [ 16,4 ] *],
[* [0,2,4,4,4], [ 16,12 ] *],
[* [0,2,4,4,4], [ 16,13 ] *],
[* [0,2,2,8,8], [ 16,5 ] *],
[* [0,2,2,8,8], [ 16,6 ] *],
[* [0,2,2,8,8], [ 16,7 ] *],
[* [0,2,2,8,8], [ 16,8 ] *],
[* [0,2,2,2,2,4], [ 16,7 ] *],
[* [0,2,2,2,2,4], [ 16,11 ] *],
[* [0,2,2,2,2,4], [ 16,13 ] *],
[* [0,6,9,18], [ 18,2 ] *],
[* [0,2,3,3,6], [ 18,3 ] *],
[* [0,2,3,3,6], [ 18,5 ] *],
[* [0,2,2,6,6], [ 18,3 ] *],
[* [0,2,2,2,2,3], [ 18,1 ] *],
[* [0,2,2,2,2,3], [ 18,4 ] *],
[* [0,4,10,20], [ 20,2 ] *],
[* [0,3,21,21], [ 21,2 ] *],
[* [0,6,6,6], [ 24,3 ] *],
[* [0,4,6,12], [ 24,9 ] *],
[* [0,3,8,24], [ 24,2 ] *],
[* [0,2,3,3,3], [ 24,3 ] *],
[* [0,2,2,4,4], [ 24,5 ] *],
[* [0,2,2,4,4], [ 24,8 ] *],
[* [0,2,2,4,4], [ 24,12 ] *],
[* [0,2,2,3,6], [ 24,13 ] *],
[* [0,2,2,2,2,2], [ 24,6 ] *],
[* [0,2,2,2,2,2], [ 24,12 ] *],
[* [0,2,2,2,2,2], [ 24,14 ] *],
[* [0,3,9,9], [ 27,2 ] *],
[* [0,3,9,9], [ 27,4 ] *],
[* [0,4,4,14], [ 28,1 ] *],
[* [0,2,28,28], [ 28,2 ] *],
[* [0,2,2,2,14], [ 28,3 ] *],
[* [0,2,15,30], [ 30,4 ] *],
[* [0,4,4,8], [ 32,10 ] *],
[* [0,4,4,8], [ 32,11 ] *],
[* [0,4,4,8], [ 32,13 ] *],
[* [0,4,4,8], [ 32,14 ] *],
[* [0,2,16,16], [ 32,16 ] *],
[* [0,2,16,16], [ 32,17 ] *],
[* [0,2,2,2,8], [ 32,39 ] *],
[* [0,2,2,2,8], [ 32,42 ] *],
[* [0,2,2,2,8], [ 32,43 ] *],
[* [0,3,4,12], [ 36,6 ] *],
[* [0,2,2,2,6], [ 36,10 ] *],
[* [0,2,6,21], [ 42,4 ] *],
[* [0,3,4,6], [ 48,32 ] *],
[* [0,2,6,12], [ 48,33 ] *],
[* [0,2,2,2,4], [ 48,38 ] *],
[* [0,2,2,2,4], [ 48,41 ] *],
[* [0,2,2,2,4], [ 48,48 ] *],
[* [0,2,6,9], [ 54,3 ] *],
[* [0,2,6,9], [ 54,6 ] *],
[* [0,2,7,7], [ 56,11 ] *],
[* [0,2,4,28], [ 56,4 ] *],
[* [0,2,4,16], [ 64,38 ] *],
[* [0,2,4,16], [ 64,41 ] *],
[* [0,3,3,6], [ 72,25 ] *],
[* [0,2,3,12], [ 144,127 ] *],
[* [0,2,3,7], [ 504,156 ] *],
[* [1,2,2,2,2,2,2,2,2,2,2,2,2], [ 2,1 ] *],
[* [1,3,3,3,3,3,3], [ 3,1 ] *],
[* [1,4,4,4,4], [ 4,1 ] *],
[* [1,2,2,2,4,4], [ 4,1 ] *],
[* [1,2,2,2,2,2,2], [ 4,1 ] *],
[* [1,2,2,2,2,2,2], [ 4,2 ] *],
[* [1,5,5,5], [ 5,1 ] *],
[* [1,3,3,3], [ 6,1 ] *],
[* [1,3,3,3], [ 6,2 ] *],
[* [1,2,3,6], [ 6,2 ] *],
[* [1,2,2,2,2], [ 6,1 ] *],
[* [1,2,2,2,2], [ 6,2 ] *],
[* [1,7,7], [ 7,1 ] *],
[* [1,4,4], [ 8,1 ] *],
[* [1,4,4], [ 8,2 ] *],
[* [1,4,4], [ 8,3 ] *],
[* [1,4,4], [ 8,4 ] *],
[* [1,2,2,2], [ 8,2 ] *],
[* [1,2,2,2], [ 8,3 ] *],
[* [1,2,2,2], [ 8,4 ] *],
[* [1,2,2,2], [ 8,5 ] *],
[* [1,3,3], [ 9,1 ] *],
[* [1,3,3], [ 9,2 ] *],
[* [1,2,2], [ 12,2 ] *],
[* [1,2,2], [ 12,3 ] *],
[* [1,2,2], [ 12,4 ] *],
[* [1,2,2], [ 12,5 ] *],
[* [1,7], [ 14,1 ] *],
[* [1,4], [ 16,7 ] *],
[* [1,4], [ 16,8 ] *],
[* [1,4], [ 16,9 ] *],
[* [1,3], [ 18,3 ] *],
[* [1,2], [ 24,10 ] *],
[* [1,2], [ 24,11 ] *],
[* [1,2], [ 24,13 ] *],
[* [2,2,2,2,2,2,2,2,2], [ 2,1 ] *],
[* [2,3,3,3], [ 3,1 ] *],
[* [2,2,2], [ 4,1 ] *],
[* [2,2,2], [ 4,2 ] *],
[* [2], [ 6,1 ] *],
[* [2], [ 6,2 ] *],
[* [3,2,2,2,2], [ 2,1 ] *],
[* [3], [ 3,1 ] *],
[* [4], [ 2,1 ] *]];
