Ldata:=[[* [0,2,2,2,2,2,2,2,2,2,2,2,2,2,2,2,2,2,2], [ 2,1 ] *],
[* [0,3,3,3,3,3,3,3,3,3,3], [ 3,1 ] *],
[* [0,2,2,4,4,4,4,4,4], [ 4,1 ] *],
[* [0,2,2,2,2,2,4,4,4,4], [ 4,1 ] *],
[* [0,2,2,2,2,2,2,2,2,4,4], [ 4,1 ] *],
[* [0,2,2,2,2,2,2,2,2,2,2,2], [ 4,2 ] *],
[* [0,5,5,5,5,5,5], [ 5,1 ] *],
[* [0,3,3,3,3,6,6], [ 6,2 ] *],
[* [0,2,3,3,6,6,6], [ 6,2 ] *],
[* [0,2,2,6,6,6,6], [ 6,2 ] *],
[* [0,2,2,3,3,3,3,3], [ 6,1 ] *],
[* [0,2,2,3,3,3,3,3], [ 6,2 ] *],
[* [0,2,2,2,3,3,3,6], [ 6,2 ] *],
[* [0,2,2,2,2,3,6,6], [ 6,2 ] *],
[* [0,2,2,2,2,2,2,3,3], [ 6,1 ] *],
[* [0,2,2,2,2,2,2,3,3], [ 6,2 ] *],
[* [0,4,4,4,4,4], [ 8,4 ] *],
[* [0,2,4,4,8,8], [ 8,1 ] *],
[* [0,2,2,2,4,4,4], [ 8,3 ] *],
[* [0,2,2,2,4,4,4], [ 8,4 ] *],
[* [0,2,2,2,2,8,8], [ 8,1 ] *],
[* [0,2,2,2,2,2,2,4], [ 8,3 ] *],
[* [0,9,9,9,9], [ 9,1 ] *],
[* [0,5,5,10,10], [ 10,2 ] *],
[* [0,2,2,5,5,5], [ 10,1 ] *],
[* [0,2,2,5,5,5], [ 10,2 ] *],
[* [0,4,4,6,6], [ 12,1 ] *],
[* [0,4,4,6,6], [ 12,2 ] *],
[* [0,3,6,6,6], [ 12,5 ] *],
[* [0,3,4,6,12], [ 12,2 ] *],
[* [0,3,3,12,12], [ 12,2 ] *],
[* [0,2,6,12,12], [ 12,2 ] *],
[* [0,2,3,3,3,3], [ 12,3 ] *],
[* [0,2,2,3,4,4], [ 12,1 ] *],
[* [0,2,2,3,3,6], [ 12,4 ] *],
[* [0,2,2,3,3,6], [ 12,5 ] *],
[* [0,2,2,2,6,6], [ 12,4 ] *],
[* [0,2,2,2,6,6], [ 12,5 ] *],
[* [0,2,2,2,2,2,3], [ 12,4 ] *],
[* [0,2,2,2,2,2,2], [ 14,1 ] *],
[* [0,3,3,5,5], [ 15,1 ] *],
[* [0,2,4,4,8], [ 16,8 ] *],
[* [0,2,4,4,8], [ 16,9 ] *],
[* [0,2,2,16,16], [ 16,1 ] *],
[* [0,2,2,2,2,8], [ 16,7 ] *],
[* [0,17,17,17], [ 17,1 ] *],
[* [0,9,18,18], [ 18,2 ] *],
[* [0,2,2,9,9], [ 18,1 ] *],
[* [0,2,2,9,9], [ 18,2 ] *],
[* [0,10,10,10], [ 20,5 ] *],
[* [0,5,20,20], [ 20,2 ] *],
[* [0,2,2,5,10], [ 20,4 ] *],
[* [0,2,2,5,10], [ 20,5 ] *],
[* [0,3,3,3,3], [ 21,1 ] *],
[* [0,6,8,8], [ 24,1 ] *],
[* [0,6,6,12], [ 24,10 ] *],
[* [0,4,12,12], [ 24,11 ] *],
[* [0,3,24,24], [ 24,2 ] *],
[* [0,2,3,3,4], [ 24,3 ] *],
[* [0,2,3,3,4], [ 24,12 ] *],
[* [0,2,2,4,6], [ 24,6 ] *],
[* [0,2,2,4,6], [ 24,8 ] *],
[* [0,2,2,3,12], [ 24,6 ] *],
[* [0,2,2,3,12], [ 24,10 ] *],
[* [0,2,2,2,2,2], [ 28,3 ] *],
[* [0,5,6,6], [ 30,2 ] *],
[* [0,3,10,10], [ 30,1 ] *],
[* [0,2,2,3,5], [ 30,3 ] *],
[* [0,4,4,16], [ 32,20 ] *],
[* [0,2,32,32], [ 32,1 ] *],
[* [0,2,2,2,16], [ 32,18 ] *],
[* [0,2,17,34], [ 34,2 ] *],
[* [0,4,4,9], [ 36,1 ] *],
[* [0,2,18,18], [ 36,5 ] *],
[* [0,2,2,2,9], [ 36,4 ] *],
[* [0,2,10,20], [ 40,10 ] *],
[* [0,3,6,6], [ 42,1 ] *],
[* [0,3,6,6], [ 42,2 ] *],
[* [0,2,2,3,3], [ 42,1 ] *],
[* [0,3,4,8], [ 48,28 ] *],
[* [0,2,8,12], [ 48,17 ] *],
[* [0,2,6,24], [ 48,25 ] *],
[* [0,2,6,10], [ 60,8 ] *],
[* [0,2,4,32], [ 64,53 ] *],
[* [0,2,4,18], [ 72,8 ] *],
[* [0,2,6,6], [ 84,7 ] *],
[* [0,3,3,4], [ 168,42 ] *],
[* [0,2,3,8], [ 336,208 ] *],
[* [1,2,2,2,2,2,2,2,2,2,2,2,2,2,2], [ 2,1 ] *],
[* [1,3,3,3,3,3,3,3], [ 3,1 ] *],
[* [1,2,4,4,4,4], [ 4,1 ] *],
[* [1,2,2,2,2,4,4], [ 4,1 ] *],
[* [1,2,2,2,2,2,2,2], [ 4,2 ] *],
[* [1,3,6,6], [ 6,2 ] *],
[* [1,2,2,3,3], [ 6,1 ] *],
[* [1,2,2,3,3], [ 6,2 ] *],
[* [1,8,8], [ 8,1 ] *],
[* [1,2,2,4], [ 8,3 ] *],
[* [1,2,2], [ 14,1 ] *],
[* [1,2,2], [ 14,2 ] *],
[* [2,2,2,2,2,2,2,2,2,2,2], [ 2,1 ] *],
[* [2,3,3,3,3], [ 3,1 ] *],
[* [2,4,4], [ 4,1 ] *],
[* [2,2,2,2], [ 4,2 ] *],
[* [2], [ 7,1 ] *],
[* [3,2,2,2,2,2,2], [ 2,1 ] *],
[* [4,2,2], [ 2,1 ] *]];
