Ldata:=[[* [0,2,2,2,2,2,2,2,2,2,2,2,2,2,2,2,2,2,2,2,2], [ 2,1 ] *],
[* [0,3,3,3,3,3,3,3,3,3,3,3], [ 3,1 ] *],
[* [0,4,4,4,4,4,4,4,4], [ 4,1 ] *],
[* [0,2,2,2,4,4,4,4,4,4], [ 4,1 ] *],
[* [0,2,2,2,2,2,2,4,4,4,4], [ 4,1 ] *],
[* [0,2,2,2,2,2,2,2,2,2,4,4], [ 4,1 ] *],
[* [0,2,2,2,2,2,2,2,2,2,2,2,2], [ 4,2 ] *],
[* [0,3,3,6,6,6,6], [ 6,2 ] *],
[* [0,2,6,6,6,6,6], [ 6,2 ] *],
[* [0,2,3,3,3,3,3,6], [ 6,2 ] *],
[* [0,2,2,3,3,3,6,6], [ 6,2 ] *],
[* [0,2,2,2,3,6,6,6], [ 6,2 ] *],
[* [0,2,2,2,2,3,3,3,3], [ 6,1 ] *],
[* [0,2,2,2,2,3,3,3,3], [ 6,2 ] *],
[* [0,2,2,2,2,2,3,3,6], [ 6,2 ] *],
[* [0,2,2,2,2,2,2,6,6], [ 6,2 ] *],
[* [0,2,2,2,2,2,2,2,2,3], [ 6,1 ] *],
[* [0,7,7,7,7,7], [ 7,1 ] *],
[* [0,4,4,4,8,8], [ 8,1 ] *],
[* [0,2,8,8,8,8], [ 8,1 ] *],
[* [0,2,2,4,4,4,4], [ 8,2 ] *],
[* [0,2,2,4,4,4,4], [ 8,3 ] *],
[* [0,2,2,4,4,4,4], [ 8,4 ] *],
[* [0,2,2,2,4,8,8], [ 8,1 ] *],
[* [0,2,2,2,2,2,4,4], [ 8,2 ] *],
[* [0,2,2,2,2,2,4,4], [ 8,3 ] *],
[* [0,2,2,2,2,2,2,2,2], [ 8,3 ] *],
[* [0,2,2,2,2,2,2,2,2], [ 8,5 ] *],
[* [0,3,3,3,9,9], [ 9,1 ] *],
[* [0,10,10,10,10], [ 10,2 ] *],
[* [0,2,2,5,10,10], [ 10,2 ] *],
[* [0,2,2,2,2,5,5], [ 10,1 ] *],
[* [0,2,2,2,2,5,5], [ 10,2 ] *],
[* [0,6,6,6,6], [ 12,5 ] *],
[* [0,4,6,6,12], [ 12,2 ] *],
[* [0,4,4,12,12], [ 12,2 ] *],
[* [0,3,6,12,12], [ 12,2 ] *],
[* [0,3,3,3,3,3], [ 12,3 ] *],
[* [0,2,3,3,4,4], [ 12,1 ] *],
[* [0,2,3,3,4,4], [ 12,2 ] *],
[* [0,2,2,4,4,6], [ 12,1 ] *],
[* [0,2,2,3,6,6], [ 12,4 ] *],
[* [0,2,2,3,6,6], [ 12,5 ] *],
[* [0,2,2,3,4,12], [ 12,2 ] *],
[* [0,2,2,2,12,12], [ 12,2 ] *],
[* [0,2,2,2,2,3,3], [ 12,3 ] *],
[* [0,2,2,2,2,3,3], [ 12,4 ] *],
[* [0,2,2,2,2,3,3], [ 12,5 ] *],
[* [0,2,2,2,2,2,6], [ 12,4 ] *],
[* [0,2,7,7,14], [ 14,2 ] *],
[* [0,3,3,5,15], [ 15,1 ] *],
[* [0,4,4,4,4], [ 16,2 ] *],
[* [0,4,4,4,4], [ 16,3 ] *],
[* [0,4,4,4,4], [ 16,4 ] *],
[* [0,4,4,4,4], [ 16,9 ] *],
[* [0,4,4,4,4], [ 16,10 ] *],
[* [0,4,4,4,4], [ 16,12 ] *],
[* [0,2,4,8,8], [ 16,5 ] *],
[* [0,2,4,8,8], [ 16,6 ] *],
[* [0,2,2,2,4,4], [ 16,3 ] *],
[* [0,2,2,2,4,4], [ 16,8 ] *],
[* [0,2,2,2,4,4], [ 16,10 ] *],
[* [0,2,2,2,4,4], [ 16,11 ] *],
[* [0,2,2,2,4,4], [ 16,13 ] *],
[* [0,2,2,2,2,2,2], [ 16,7 ] *],
[* [0,2,2,2,2,2,2], [ 16,11 ] *],
[* [0,2,2,2,2,2,2], [ 16,13 ] *],
[* [0,2,2,2,2,2,2], [ 16,14 ] *],
[* [0,2,2,18,18], [ 18,2 ] *],
[* [0,2,2,2,2,9], [ 18,1 ] *],
[* [0,19,19,19], [ 19,1 ] *],
[* [0,10,20,20], [ 20,2 ] *],
[* [0,2,4,4,5], [ 20,1 ] *],
[* [0,2,4,4,5], [ 20,3 ] *],
[* [0,2,2,10,10], [ 20,4 ] *],
[* [0,2,2,10,10], [ 20,5 ] *],
[* [0,2,2,2,2,5], [ 20,4 ] *],
[* [0,7,21,21], [ 21,2 ] *],
[* [0,8,8,12], [ 24,1 ] *],
[* [0,6,12,12], [ 24,9 ] *],
[* [0,6,8,24], [ 24,2 ] *],
[* [0,4,24,24], [ 24,2 ] *],
[* [0,3,3,3,3], [ 24,3 ] *],
[* [0,2,3,4,4], [ 24,5 ] *],
[* [0,2,3,4,4], [ 24,7 ] *],
[* [0,2,3,4,4], [ 24,12 ] *],
[* [0,2,3,3,6], [ 24,13 ] *],
[* [0,2,2,6,6], [ 24,8 ] *],
[* [0,2,2,6,6], [ 24,10 ] *],
[* [0,2,2,6,6], [ 24,13 ] *],
[* [0,2,2,6,6], [ 24,14 ] *],
[* [0,2,2,6,6], [ 24,15 ] *],
[* [0,2,2,4,12], [ 24,5 ] *],
[* [0,2,2,4,12], [ 24,6 ] *],
[* [0,2,2,2,2,3], [ 24,6 ] *],
[* [0,2,2,2,2,3], [ 24,8 ] *],
[* [0,2,2,2,2,3], [ 24,12 ] *],
[* [0,2,2,2,2,3], [ 24,14 ] *],
[* [0,3,27,27], [ 27,1 ] *],
[* [0,4,7,28], [ 28,2 ] *],
[* [0,3,10,30], [ 30,4 ] *],
[* [0,4,8,8], [ 32,3 ] *],
[* [0,4,8,8], [ 32,4 ] *],
[* [0,4,8,8], [ 32,5 ] *],
[* [0,4,8,8], [ 32,8 ] *],
[* [0,4,8,8], [ 32,12 ] *],
[* [0,2,2,4,4], [ 32,6 ] *],
[* [0,2,2,4,4], [ 32,9 ] *],
[* [0,2,2,4,4], [ 32,11 ] *],
[* [0,2,2,4,4], [ 32,19 ] *],
[* [0,2,2,4,4], [ 32,22 ] *],
[* [0,2,2,4,4], [ 32,25 ] *],
[* [0,2,2,4,4], [ 32,27 ] *],
[* [0,2,2,4,4], [ 32,28 ] *],
[* [0,2,2,4,4], [ 32,30 ] *],
[* [0,2,2,4,4], [ 32,31 ] *],
[* [0,2,2,4,4], [ 32,34 ] *],
[* [0,2,2,4,4], [ 32,40 ] *],
[* [0,2,2,4,4], [ 32,42 ] *],
[* [0,2,2,2,2,2], [ 32,18 ] *],
[* [0,2,2,2,2,2], [ 32,27 ] *],
[* [0,2,2,2,2,2], [ 32,34 ] *],
[* [0,2,2,2,2,2], [ 32,39 ] *],
[* [0,2,2,2,2,2], [ 32,43 ] *],
[* [0,2,2,2,2,2], [ 32,46 ] *],
[* [0,2,2,2,2,2], [ 32,49 ] *],
[* [0,2,2,2,2,2], [ 32,50 ] *],
[* [0,4,4,18], [ 36,1 ] *],
[* [0,2,36,36], [ 36,2 ] *],
[* [0,2,2,2,18], [ 36,4 ] *],
[* [0,2,19,38], [ 38,2 ] *],
[* [0,4,4,10], [ 40,7 ] *],
[* [0,4,4,10], [ 40,12 ] *],
[* [0,2,20,20], [ 40,9 ] *],
[* [0,2,2,2,10], [ 40,8 ] *],
[* [0,2,2,2,10], [ 40,13 ] *],
[* [0,2,14,21], [ 42,3 ] *],
[* [0,4,4,6], [ 48,19 ] *],
[* [0,4,4,6], [ 48,30 ] *],
[* [0,4,4,6], [ 48,48 ] *],
[* [0,3,6,6], [ 48,32 ] *],
[* [0,3,4,12], [ 48,31 ] *],
[* [0,2,12,12], [ 48,21 ] *],
[* [0,2,12,12], [ 48,31 ] *],
[* [0,2,8,24], [ 48,4 ] *],
[* [0,2,8,24], [ 48,5 ] *],
[* [0,2,2,3,3], [ 48,29 ] *],
[* [0,2,2,3,3], [ 48,33 ] *],
[* [0,2,2,3,3], [ 48,50 ] *],
[* [0,2,2,2,6], [ 48,15 ] *],
[* [0,2,2,2,6], [ 48,38 ] *],
[* [0,2,2,2,6], [ 48,43 ] *],
[* [0,2,2,2,6], [ 48,48 ] *],
[* [0,3,3,19], [ 57,1 ] *],
[* [0,3,5,5], [ 60,5 ] *],
[* [0,4,4,4], [ 64,23 ] *],
[* [0,4,4,4], [ 64,34 ] *],
[* [0,4,4,4], [ 64,35 ] *],
[* [0,2,8,8], [ 64,4 ] *],
[* [0,2,8,8], [ 64,6 ] *],
[* [0,2,8,8], [ 64,10 ] *],
[* [0,2,8,8], [ 64,12 ] *],
[* [0,2,8,8], [ 64,36 ] *],
[* [0,2,2,2,4], [ 64,73 ] *],
[* [0,2,2,2,4], [ 64,128 ] *],
[* [0,2,2,2,4], [ 64,134 ] *],
[* [0,2,2,2,4], [ 64,135 ] *],
[* [0,2,2,2,4], [ 64,138 ] *],
[* [0,2,2,2,4], [ 64,140 ] *],
[* [0,2,2,2,4], [ 64,177 ] *],
[* [0,2,2,2,4], [ 64,190 ] *],
[* [0,2,4,36], [ 72,5 ] *],
[* [0,2,4,20], [ 80,14 ] *],
[* [0,3,4,4], [ 96,67 ] *],
[* [0,3,4,4], [ 96,227 ] *],
[* [0,3,3,6], [ 96,3 ] *],
[* [0,2,6,6], [ 96,70 ] *],
[* [0,2,6,6], [ 96,202 ] *],
[* [0,2,4,12], [ 96,13 ] *],
[* [0,2,4,12], [ 96,186 ] *],
[* [0,2,4,12], [ 96,187 ] *],
[* [0,2,2,2,3], [ 96,193 ] *],
[* [0,2,2,2,3], [ 96,227 ] *],
[* [0,2,5,6], [ 120,34 ] *],
[* [0,2,5,6], [ 120,35 ] *],
[* [0,2,4,8], [ 128,75 ] *],
[* [0,2,4,8], [ 128,134 ] *],
[* [0,2,4,8], [ 128,136 ] *],
[* [0,2,4,8], [ 128,138 ] *],
[* [0,2,5,5], [ 160,199 ] *],
[* [0,2,4,6], [ 192,955 ] *],
[* [0,2,4,6], [ 192,990 ] *],
[* [0,2,3,12], [ 192,194 ] *],
[* [0,2,4,5], [ 320,1582 ] *],
[* [1,2,2,2,2,2,2,2,2,2,2,2,2,2,2,2,2], [ 2,1 ] *],
[* [1,3,3,3,3,3,3,3,3], [ 3,1 ] *],
[* [1,2,2,4,4,4,4], [ 4,1 ] *],
[* [1,2,2,2,2,2,4,4], [ 4,1 ] *],
[* [1,2,2,2,2,2,2,2,2], [ 4,1 ] *],
[* [1,2,2,2,2,2,2,2,2], [ 4,2 ] *],
[* [1,5,5,5,5], [ 5,1 ] *],
[* [1,3,3,3,3], [ 6,1 ] *],
[* [1,3,3,3,3], [ 6,2 ] *],
[* [1,2,3,3,6], [ 6,2 ] *],
[* [1,2,2,6,6], [ 6,2 ] *],
[* [1,2,2,2,2,3], [ 6,1 ] *],
[* [1,2,4,4], [ 8,1 ] *],
[* [1,2,4,4], [ 8,2 ] *],
[* [1,2,4,4], [ 8,3 ] *],
[* [1,2,4,4], [ 8,4 ] *],
[* [1,2,2,2,2], [ 8,1 ] *],
[* [1,2,2,2,2], [ 8,2 ] *],
[* [1,2,2,2,2], [ 8,3 ] *],
[* [1,2,2,2,2], [ 8,5 ] *],
[* [1,9,9], [ 9,1 ] *],
[* [1,5,5], [ 10,1 ] *],
[* [1,5,5], [ 10,2 ] *],
[* [1,3,3], [ 12,1 ] *],
[* [1,3,3], [ 12,2 ] *],
[* [1,3,3], [ 12,3 ] *],
[* [1,3,3], [ 12,4 ] *],
[* [1,3,3], [ 12,5 ] *],
[* [1,2,6], [ 12,1 ] *],
[* [1,2,6], [ 12,4 ] *],
[* [1,2,2], [ 16,1 ] *],
[* [1,2,2], [ 16,3 ] *],
[* [1,2,2], [ 16,4 ] *],
[* [1,2,2], [ 16,5 ] *],
[* [1,2,2], [ 16,6 ] *],
[* [1,2,2], [ 16,7 ] *],
[* [1,2,2], [ 16,8 ] *],
[* [1,2,2], [ 16,11 ] *],
[* [1,2,2], [ 16,12 ] *],
[* [1,2,2], [ 16,13 ] *],
[* [1,9], [ 18,1 ] *],
[* [1,5], [ 20,1 ] *],
[* [1,5], [ 20,3 ] *],
[* [1,5], [ 20,4 ] *],
[* [1,3], [ 24,1 ] *],
[* [1,3], [ 24,5 ] *],
[* [1,3], [ 24,7 ] *],
[* [1,3], [ 24,12 ] *],
[* [1,2], [ 32,2 ] *],
[* [1,2], [ 32,4 ] *],
[* [1,2], [ 32,5 ] *],
[* [1,2], [ 32,6 ] *],
[* [1,2], [ 32,7 ] *],
[* [1,2], [ 32,8 ] *],
[* [1,2], [ 32,12 ] *],
[* [1,2], [ 32,17 ] *],
[* [2,2,2,2,2,2,2,2,2,2,2,2,2], [ 2,1 ] *],
[* [2,3,3,3,3,3], [ 3,1 ] *],
[* [2,2,4,4], [ 4,1 ] *],
[* [2,2,2,2,2], [ 4,1 ] *],
[* [2,2,2,2,2], [ 4,2 ] *],
[* [2,3], [ 6,1 ] *],
[* [2], [ 8,1 ] *],
[* [2], [ 8,2 ] *],
[* [2], [ 8,3 ] *],
[* [2], [ 8,4 ] *],
[* [2], [ 8,5 ] *],
[* [3,2,2,2,2,2,2,2,2], [ 2,1 ] *],
[* [3,3,3], [ 3,1 ] *],
[* [3], [ 4,1 ] *],
[* [3], [ 4,2 ] *],
[* [4,2,2,2,2], [ 2,1 ] *],
[* [5], [ 2,1 ] *]];
