Ldata:=[[* [0,2,2,2,2,2,2,2,2,2,2,2,2,2,2,2,2,2,2,2,2,2,2], [ 2,1 ] *],
[* [0,3,3,3,3,3,3,3,3,3,3,3,3], [ 3,1 ] *],
[* [0,2,4,4,4,4,4,4,4,4], [ 4,1 ] *],
[* [0,2,2,2,2,4,4,4,4,4,4], [ 4,1 ] *],
[* [0,2,2,2,2,2,2,2,4,4,4,4], [ 4,1 ] *],
[* [0,2,2,2,2,2,2,2,2,2,2,4,4], [ 4,1 ] *],
[* [0,2,2,2,2,2,2,2,2,2,2,2,2,2], [ 4,2 ] *],
[* [0,5,5,5,5,5,5,5], [ 5,1 ] *],
[* [0,6,6,6,6,6,6], [ 6,2 ] *],
[* [0,3,3,3,3,3,6,6], [ 6,2 ] *],
[* [0,2,3,3,3,6,6,6], [ 6,2 ] *],
[* [0,2,2,3,6,6,6,6], [ 6,2 ] *],
[* [0,2,2,3,3,3,3,3,3], [ 6,1 ] *],
[* [0,2,2,3,3,3,3,3,3], [ 6,2 ] *],
[* [0,2,2,2,3,3,3,3,6], [ 6,2 ] *],
[* [0,2,2,2,2,3,3,6,6], [ 6,2 ] *],
[* [0,2,2,2,2,2,6,6,6], [ 6,2 ] *],
[* [0,2,2,2,2,2,2,3,3,3], [ 6,1 ] *],
[* [0,2,2,2,2,2,2,3,3,3], [ 6,2 ] *],
[* [0,2,2,2,2,2,2,2,3,6], [ 6,2 ] *],
[* [0,2,2,2,2,2,2,2,2,2,2], [ 6,1 ] *],
[* [0,4,8,8,8,8], [ 8,1 ] *],
[* [0,2,4,4,4,4,4], [ 8,4 ] *],
[* [0,2,2,4,4,8,8], [ 8,1 ] *],
[* [0,2,2,2,2,4,4,4], [ 8,3 ] *],
[* [0,2,2,2,2,4,4,4], [ 8,4 ] *],
[* [0,2,2,2,2,2,8,8], [ 8,1 ] *],
[* [0,2,2,2,2,2,2,2,4], [ 8,3 ] *],
[* [0,3,3,9,9,9], [ 9,1 ] *],
[* [0,3,3,3,3,3,3], [ 9,2 ] *],
[* [0,2,5,5,5,10], [ 10,2 ] *],
[* [0,2,2,2,2,10,10], [ 10,2 ] *],
[* [0,2,2,2,2,2,2,5], [ 10,1 ] *],
[* [0,11,11,11,11], [ 11,1 ] *],
[* [0,6,6,12,12], [ 12,2 ] *],
[* [0,4,12,12,12], [ 12,2 ] *],
[* [0,3,3,3,4,4], [ 12,1 ] *],
[* [0,3,3,3,4,4], [ 12,2 ] *],
[* [0,2,4,4,4,4], [ 12,1 ] *],
[* [0,2,3,4,4,6], [ 12,1 ] *],
[* [0,2,3,4,4,6], [ 12,2 ] *],
[* [0,2,3,3,6,6], [ 12,5 ] *],
[* [0,2,3,3,4,12], [ 12,2 ] *],
[* [0,2,2,6,6,6], [ 12,4 ] *],
[* [0,2,2,6,6,6], [ 12,5 ] *],
[* [0,2,2,4,6,12], [ 12,2 ] *],
[* [0,2,2,3,12,12], [ 12,2 ] *],
[* [0,2,2,2,3,3,3], [ 12,3 ] *],
[* [0,2,2,2,3,3,3], [ 12,4 ] *],
[* [0,2,2,2,3,3,3], [ 12,5 ] *],
[* [0,2,2,2,2,3,6], [ 12,4 ] *],
[* [0,2,2,2,2,3,6], [ 12,5 ] *],
[* [0,2,2,2,2,2,2,2], [ 12,4 ] *],
[* [0,2,14,14,14], [ 14,2 ] *],
[* [0,2,2,2,7,14], [ 14,2 ] *],
[* [0,3,5,5,15], [ 15,1 ] *],
[* [0,3,3,15,15], [ 15,1 ] *],
[* [0,4,4,4,8], [ 16,9 ] *],
[* [0,2,4,16,16], [ 16,1 ] *],
[* [0,2,2,2,4,8], [ 16,7 ] *],
[* [0,2,2,2,4,8], [ 16,8 ] *],
[* [0,3,3,6,6], [ 18,3 ] *],
[* [0,3,3,6,6], [ 18,5 ] *],
[* [0,2,6,6,6], [ 18,3 ] *],
[* [0,2,6,6,6], [ 18,5 ] *],
[* [0,2,3,9,18], [ 18,2 ] *],
[* [0,2,2,3,3,3], [ 18,3 ] *],
[* [0,2,2,3,3,3], [ 18,4 ] *],
[* [0,2,2,3,3,3], [ 18,5 ] *],
[* [0,2,2,2,3,6], [ 18,3 ] *],
[* [0,2,2,2,2,2,2], [ 18,1 ] *],
[* [0,2,2,2,2,2,2], [ 18,4 ] *],
[* [0,2,4,4,10], [ 20,1 ] *],
[* [0,2,2,20,20], [ 20,2 ] *],
[* [0,2,2,2,2,10], [ 20,4 ] *],
[* [0,21,21,21], [ 21,2 ] *],
[* [0,3,3,3,7], [ 21,1 ] *],
[* [0,11,22,22], [ 22,2 ] *],
[* [0,2,2,11,11], [ 22,1 ] *],
[* [0,2,2,11,11], [ 22,2 ] *],
[* [0,12,12,12], [ 24,11 ] *],
[* [0,8,12,24], [ 24,2 ] *],
[* [0,6,24,24], [ 24,2 ] *],
[* [0,3,3,3,4], [ 24,3 ] *],
[* [0,2,4,4,4], [ 24,12 ] *],
[* [0,2,3,4,6], [ 24,3 ] *],
[* [0,2,3,4,6], [ 24,8 ] *],
[* [0,2,3,4,6], [ 24,10 ] *],
[* [0,2,2,6,12], [ 24,6 ] *],
[* [0,2,2,6,12], [ 24,10 ] *],
[* [0,2,2,2,2,4], [ 24,6 ] *],
[* [0,2,2,2,2,4], [ 24,8 ] *],
[* [0,2,2,2,2,4], [ 24,12 ] *],
[* [0,5,25,25], [ 25,1 ] *],
[* [0,9,9,9], [ 27,2 ] *],
[* [0,9,9,9], [ 27,4 ] *],
[* [0,3,3,3,3], [ 27,3 ] *],
[* [0,3,3,3,3], [ 27,5 ] *],
[* [0,4,14,28], [ 28,2 ] *],
[* [0,6,6,15], [ 30,2 ] *],
[* [0,5,6,30], [ 30,4 ] *],
[* [0,3,30,30], [ 30,4 ] *],
[* [0,2,2,3,15], [ 30,2 ] *],
[* [0,2,2,3,15], [ 30,3 ] *],
[* [0,3,11,33], [ 33,1 ] *],
[* [0,6,6,6], [ 36,12 ] *],
[* [0,6,6,6], [ 36,14 ] *],
[* [0,4,6,12], [ 36,6 ] *],
[* [0,3,12,12], [ 36,6 ] *],
[* [0,3,12,12], [ 36,8 ] *],
[* [0,2,3,3,3], [ 36,11 ] *],
[* [0,2,2,4,4], [ 36,9 ] *],
[* [0,2,2,3,6], [ 36,10 ] *],
[* [0,2,2,3,6], [ 36,12 ] *],
[* [0,2,2,3,6], [ 36,13 ] *],
[* [0,2,2,2,2,2], [ 36,4 ] *],
[* [0,2,2,2,2,2], [ 36,10 ] *],
[* [0,2,2,2,2,2], [ 36,13 ] *],
[* [0,4,4,20], [ 40,4 ] *],
[* [0,2,40,40], [ 40,2 ] *],
[* [0,2,2,2,20], [ 40,6 ] *],
[* [0,3,6,14], [ 42,2 ] *],
[* [0,2,21,42], [ 42,6 ] *],
[* [0,4,4,11], [ 44,1 ] *],
[* [0,2,22,22], [ 44,4 ] *],
[* [0,2,2,2,11], [ 44,3 ] *],
[* [0,2,12,24], [ 48,26 ] *],
[* [0,2,2,2,8], [ 48,29 ] *],
[* [0,3,6,6], [ 54,5 ] *],
[* [0,3,6,6], [ 54,10 ] *],
[* [0,3,6,6], [ 54,12 ] *],
[* [0,2,9,18], [ 54,4 ] *],
[* [0,2,2,3,3], [ 54,5 ] *],
[* [0,2,2,3,3], [ 54,8 ] *],
[* [0,2,2,3,3], [ 54,13 ] *],
[* [0,2,2,2,6], [ 54,8 ] *],
[* [0,2,6,30], [ 60,10 ] *],
[* [0,2,2,2,5], [ 60,5 ] *],
[* [0,3,3,21], [ 63,3 ] *],
[* [0,4,4,4], [ 72,41 ] *],
[* [0,3,4,6], [ 72,42 ] *],
[* [0,3,3,12], [ 72,25 ] *],
[* [0,2,8,8], [ 72,39 ] *],
[* [0,2,6,12], [ 72,23 ] *],
[* [0,2,6,12], [ 72,28 ] *],
[* [0,2,6,12], [ 72,30 ] *],
[* [0,2,2,2,4], [ 72,15 ] *],
[* [0,2,2,2,4], [ 72,40 ] *],
[* [0,2,2,2,4], [ 72,43 ] *],
[* [0,2,4,40], [ 80,6 ] *],
[* [0,3,3,9], [ 81,7 ] *],
[* [0,3,3,9], [ 81,9 ] *],
[* [0,2,4,22], [ 88,7 ] *],
[* [0,3,4,4], [ 108,15 ] *],
[* [0,3,4,4], [ 108,37 ] *],
[* [0,3,3,6], [ 108,22 ] *],
[* [0,2,6,6], [ 108,17 ] *],
[* [0,2,6,6], [ 108,25 ] *],
[* [0,2,6,6], [ 108,38 ] *],
[* [0,2,4,12], [ 108,15 ] *],
[* [0,2,2,2,3], [ 108,17 ] *],
[* [0,2,2,2,3], [ 108,40 ] *],
[* [0,2,4,8], [ 144,182 ] *],
[* [0,2,3,24], [ 144,122 ] *],
[* [0,2,3,18], [ 162,14 ] *],
[* [0,2,4,7], [ 168,42 ] *],
[* [0,2,3,15], [ 180,19 ] *],
[* [0,3,3,4], [ 216,153 ] *],
[* [0,2,4,6], [ 216,87 ] *],
[* [0,2,4,6], [ 216,158 ] *],
[* [0,2,3,12], [ 216,92 ] *],
[* [0,2,3,9], [ 324,160 ] *],
[* [0,2,4,5], [ 360,118 ] *],
[* [0,2,3,8], [ 432,734 ] *],
[* [1,2,2,2,2,2,2,2,2,2,2,2,2,2,2,2,2,2,2], [ 2,1 ] *],
[* [1,3,3,3,3,3,3,3,3,3], [ 3,1 ] *],
[* [1,4,4,4,4,4,4], [ 4,1 ] *],
[* [1,2,2,2,4,4,4,4], [ 4,1 ] *],
[* [1,2,2,2,2,2,2,4,4], [ 4,1 ] *],
[* [1,2,2,2,2,2,2,2,2,2], [ 4,2 ] *],
[* [1,3,3,6,6], [ 6,2 ] *],
[* [1,2,6,6,6], [ 6,2 ] *],
[* [1,2,2,3,3,3], [ 6,1 ] *],
[* [1,2,2,3,3,3], [ 6,2 ] *],
[* [1,2,2,2,3,6], [ 6,2 ] *],
[* [1,2,2,2,2,2,2], [ 6,1 ] *],
[* [1,2,2,2,2,2,2], [ 6,2 ] *],
[* [1,7,7,7], [ 7,1 ] *],
[* [1,4,4,4], [ 8,4 ] *],
[* [1,2,8,8], [ 8,1 ] *],
[* [1,2,2,2,4], [ 8,3 ] *],
[* [1,3,3,3], [ 9,1 ] *],
[* [1,3,3,3], [ 9,2 ] *],
[* [1,10,10], [ 10,2 ] *],
[* [1,2,2,5], [ 10,1 ] *],
[* [1,4,4], [ 12,1 ] *],
[* [1,4,4], [ 12,2 ] *],
[* [1,2,2,2], [ 12,3 ] *],
[* [1,2,2,2], [ 12,4 ] *],
[* [1,2,2,2], [ 12,5 ] *],
[* [1,2,2], [ 18,1 ] *],
[* [1,2,2], [ 18,2 ] *],
[* [1,2,2], [ 18,3 ] *],
[* [1,2,2], [ 18,4 ] *],
[* [1,2,2], [ 18,5 ] *],
[* [1,7], [ 21,1 ] *],
[* [1,4], [ 24,3 ] *],
[* [1,3], [ 27,3 ] *],
[* [1,3], [ 27,4 ] *],
[* [1,2], [ 36,3 ] *],
[* [1,2], [ 36,11 ] *],
[* [2,2,2,2,2,2,2,2,2,2,2,2,2,2,2], [ 2,1 ] *],
[* [2,3,3,3,3,3,3], [ 3,1 ] *],
[* [2,2,2,4,4], [ 4,1 ] *],
[* [2,2,2,2,2,2], [ 4,2 ] *],
[* [2,5,5], [ 5,1 ] *],
[* [2,2,2], [ 6,1 ] *],
[* [2,2,2], [ 6,2 ] *],
[* [2], [ 9,1 ] *],
[* [2], [ 9,2 ] *],
[* [3,2,2,2,2,2,2,2,2,2,2], [ 2,1 ] *],
[* [3,3,3,3], [ 3,1 ] *],
[* [4,2,2,2,2,2,2], [ 2,1 ] *],
[* [4], [ 3,1 ] *],
[* [5,2,2], [ 2,1 ] *]];
